[Filter]
DistortionAttenuation=0.50
DistortionNonlinearity=3.3e6
VoiceNonlinearity        =1.80
Type3BaseResistance      =1090649.9265298771
Type3Offset              =264401456.3944572
Type3Steepness           =1.0145069244334666
Type3MinimumFETResistance=19890.786352277173

