[Filter]
DistortionAttenuation=0.50
DistortionNonlinearity=3.3e6
VoiceNonlinearity        =1.80
Type3BaseResistance=1522171.922983084
Type3Offset=21729926.667291082
Type3Steepness=1.004994802537475
Type3MinimumFETResistance=14299.149638099827

