[Filter]
DistortionAttenuation=0.50
DistortionNonlinearity=3.3e6
VoiceNonlinearity        =1.8013160610660189
Type3BaseResistance      =1147036.4394268463
Type3Offset              =274228796.97550374
Type3Steepness           =1.0066634233403395
Type3MinimumFETResistance=16125.154840564108

