[Filter]
DistortionAttenuation=0.50
DistortionNonlinearity=3.3e6
VoiceNonlinearity        =1.80
Type3BaseResistance=1613349.4942964897
Type3Offset=67122945.35403329
Type3Steepness=1.005727808339829
Type3MinimumFETResistance=15462.006399118263

