[Filter]
DistortionAttenuation=0.50
DistortionNonlinearity=3.3e6
VoiceNonlinearity        =1.80
Type3BaseResistance      =1119380.8539989102
Type3Offset              =257709531.3343812
Type3Steepness           =1.0073881870085593
Type3MinimumFETResistance=20269.79137269368
