[Filter]
DistortionAttenuation=0.50
DistortionNonlinearity=3.3e6
VoiceNonlinearity        =1.80
Type3BaseResistance=1250736.2235895505
Type3Offset=1521187976.8735676
Type3Steepness=1.005543646897986
Type3MinimumFETResistance=8581.78418415723

